Corrigenda et supplenda.

Pag. 73 nr. 172 111111301115114111111. XXXV 111. 25 1531111151111111111.1511125151. 156.

,, 109 ,, 261 ,, 6 ,, 203 11311261.

,, 123 ,. 300 ,, 8 ,, (1151155111 1131101155115.

,, 123 ,, 301 ,, 13 ., ,, 11311 ,,

,, 144 ,, 354 ,, ’20 ,, 1311111299. 1131111. VaI. 229.

,, 153 ,, 375 ,, 19 ,, 1111111273. 1131116151237.

.. 161 ,, 396 ,, 39 ,, 11111115 1131111111111111111.
¹ ‚, 162 ,, 397 ,, 33 ,, ,, 11311 ,,

,, 166 ,, 408 ,, 19 ,, KojeiIcz 11311 1111111111.

,, 168 ,, 411 ,, 5 ,, 11111111103551111111.

,, 188 ,, 457 ,, 12 ,, Damnum 11311911111111,

,, 189 ,, 458 ,, 9 ,, 1111111111 1131111111ι11111.

,, 199 ,, 460 ,, 10 ,, 1111115 11311 1111115.

,. 195 ,, 474 ,, 25 ,, (Sciebant) 11311 (31111111).

,, 219 ,, 548 ,, 6 ,, 11151 1131111115.

,, 219 ,, 549 ,, 21 ,, 11115511· 11311511115511.

,, 233 ,, 580 ,, 9 ,, 1111115 113113515111111111111,

,, 252 ,, 042 ,, 17 ,, 1151115113 1131111511515113.

11 253 11 644 11 l 11 11 lege: 11

,, 299 ,, 761 ,, 28 ,, 11115 1131111155.

,, 329 , 839 ,, 17 ,, 11511111511111 1131111511511111.

11 329 11 840 11 23 11 11 ¹⁰39: 11

,, 340 ,. 859 ,, 19 ,, 6111115111 1131105111515111111.

,, 347 ,, 874 ,, 13 ,, canonicas 1131115151ιίεαεῑ).

,. 347 ,, 874 ,, 15 ,, abbatisse 113115555111111).

,, 347 , 874 ,, 27 ,, 1111111111) 05111311 ,51115111511101111311

1555111. . . 111.

,, 366 ,, 919 ,, 1 ,, dictae dioc. 1131;0151111111111“111’55.
’ ,, 379 ,, 956 ,,· 3 ,, 1151111113 11311115111151113.

,, 385 ,, 970 ,, 12 ,, 11311 ,,

,, 386 ,, 972 ,, 11 ,, 1111111111 11311 1111111111.

., 396 ,, 995 ,, 3 ,, 1111111111 V. 1131111111151111 1111.

,, 409 ,, 1026 ,, 30 ,, 7511511111 11311111531111515115111115.
„ 487 ,, 1214 ,, 26 ,, 1111111511311111111 113111111111511311111111.

Apud nr. 46, 79, 81, 91, 211, 273, 294, 313, 347, 396, 426, 457, 485, 491, 578, 642, 690,
698, 795, 839, 1149, 1150, 1292.
in adnotatione supple: Reg. ap. Rem-Schmidt, 36511111511111111116111 und 313111151115.1. 1353
bis 137861121511. Sachsen 1111111156. (Geschichtsquellen der Prov. 8111111111 22. Bd.)

 

